key,key_as_string,doc_count,jumlah_meninggal,jumlah_sembuh,jumlah_positif,jumlah_dirawat,jumlah_positif_kum,jumlah_sembuh_kum,jumlah_meninggal_kum,jumlah_dirawat_kum
1583107200000,2020-03-02,1,0,0,2,2,2,0,0,2
1583193600000,2020-03-03,1,0,0,0,0,2,0,0,2
1583280000000,2020-03-04,1,0,0,0,0,2,0,0,2
1583366400000,2020-03-05,1,0,0,0,0,2,0,0,2
1583452800000,2020-03-06,1,0,0,2,2,4,0,0,4
1583539200000,2020-03-07,1,0,0,0,0,4,0,0,4
1583625600000,2020-03-08,1,0,0,2,2,6,0,0,6
1583712000000,2020-03-09,1,0,0,13,13,19,0,0,19
1583798400000,2020-03-10,1,0,2,8,6,27,2,0,25
1583884800000,2020-03-11,1,1,0,7,6,34,2,1,31
1583971200000,2020-03-12,1,0,0,0,0,34,2,1,31
1584057600000,2020-03-13,1,3,0,35,32,69,2,4,63
1584144000000,2020-03-14,1,1,6,27,20,96,8,5,83
1584230400000,2020-03-15,1,0,0,21,21,117,8,5,104
1584316800000,2020-03-16,1,0,0,17,17,134,8,5,121
1584403200000,2020-03-17,1,0,1,38,37,172,9,5,158
1584489600000,2020-03-18,1,14,2,55,39,227,11,19,197
1584576000000,2020-03-19,1,6,4,82,72,309,15,25,269
1584662400000,2020-03-20,1,7,2,60,51,369,17,32,320
1584748800000,2020-03-21,1,6,3,81,72,450,20,38,392
1584835200000,2020-03-22,1,10,9,64,45,514,29,48,437
1584921600000,2020-03-23,1,1,1,65,63,579,30,49,500
1585008000000,2020-03-24,1,6,0,106,100,685,30,55,600
1585094400000,2020-03-25,1,3,1,105,101,790,31,58,701
1585180800000,2020-03-26,1,20,4,103,79,893,35,78,780
1585267200000,2020-03-27,1,9,11,153,133,1046,46,87,913
1585353600000,2020-03-28,1,15,13,109,81,1155,59,102,994
1585440000000,2020-03-29,1,12,5,130,113,1285,64,114,1107
1585526400000,2020-03-30,1,8,11,129,110,1414,75,122,1217
1585612800000,2020-03-31,1,14,6,114,94,1528,81,136,1311
1585699200000,2020-04-01,1,21,22,149,106,1677,103,157,1417
1585785600000,2020-04-02,1,13,9,113,91,1790,112,170,1508
1585872000000,2020-04-03,1,11,22,196,163,1986,134,181,1671
1585958400000,2020-04-04,1,10,16,106,80,2092,150,191,1751
1586044800000,2020-04-05,1,7,14,181,160,2273,164,198,1911
1586131200000,2020-04-06,1,11,28,218,179,2491,192,209,2090
1586217600000,2020-04-07,1,12,12,247,223,2738,204,221,2313
1586304000000,2020-04-08,1,19,18,218,181,2956,222,240,2494
1586390400000,2020-04-09,1,40,30,337,267,3293,252,280,2761
1586476800000,2020-04-10,1,26,30,219,163,3512,282,306,2924
1586563200000,2020-04-11,1,21,4,330,305,3842,286,327,3229
1586649600000,2020-04-12,1,46,73,399,280,4241,359,373,3509
1586736000000,2020-04-13,1,26,21,316,269,4557,380,399,3778
1586822400000,2020-04-14,1,60,46,282,176,4839,426,459,3954
1586908800000,2020-04-15,1,10,20,297,267,5136,446,469,4221
1586995200000,2020-04-16,1,27,102,380,251,5516,548,496,4472
1587081600000,2020-04-17,1,24,59,407,324,5923,607,520,4796
1587168000000,2020-04-18,1,15,24,325,286,6248,631,535,5082
1587254400000,2020-04-19,1,47,55,327,225,6575,686,582,5307
1587340800000,2020-04-20,1,8,61,185,116,6760,747,590,5423
1587427200000,2020-04-21,1,26,95,375,254,7135,842,616,5677
1587513600000,2020-04-22,1,19,71,283,193,7418,913,635,5870
1587600000000,2020-04-23,1,12,47,357,298,7775,960,647,6168
1587686400000,2020-04-24,1,42,42,436,352,8211,1002,689,6520
1587772800000,2020-04-25,1,31,40,396,325,8607,1042,720,6845
1587859200000,2020-04-26,1,23,65,275,187,8882,1107,743,7032
1587945600000,2020-04-27,1,22,44,214,148,9096,1151,765,7180
1588032000000,2020-04-28,1,8,103,415,304,9511,1254,773,7484
1588118400000,2020-04-29,1,11,137,260,112,9771,1391,784,7596
1588204800000,2020-04-30,1,8,131,347,208,10118,1522,792,7804
1588291200000,2020-05-01,1,8,69,433,356,10551,1591,800,8160
1588377600000,2020-05-02,1,31,74,292,187,10843,1665,831,8347
1588464000000,2020-05-03,1,14,211,349,124,11192,1876,845,8471
1588550400000,2020-05-04,1,19,78,395,298,11587,1954,864,8769
1588636800000,2020-05-05,1,8,243,484,233,12071,2197,872,9002
1588723200000,2020-05-06,1,23,120,367,224,12438,2317,895,9226
1588809600000,2020-05-07,1,35,64,338,239,12776,2381,930,9465
1588896000000,2020-05-08,1,13,113,336,210,13112,2494,943,9675
1588982400000,2020-05-09,1,16,113,533,404,13645,2607,959,10079
1589068800000,2020-05-10,1,14,91,387,282,14032,2698,973,10361
1589155200000,2020-05-11,1,18,183,233,32,14265,2881,991,10393
1589241600000,2020-05-12,1,16,182,484,286,14749,3063,1007,10679
1589328000000,2020-05-13,1,21,224,689,444,15438,3287,1028,11123
1589414400000,2020-05-14,1,15,231,568,322,16006,3518,1043,11445
1589500800000,2020-05-15,1,33,285,490,172,16496,3803,1076,11617
1589587200000,2020-05-16,1,13,108,529,408,17025,3911,1089,12025
1589673600000,2020-05-17,1,59,218,489,212,17514,4129,1148,12237
1589760000000,2020-05-18,1,43,195,496,258,18010,4324,1191,12495
1589846400000,2020-05-19,1,30,143,486,313,18496,4467,1221,12808
1589932800000,2020-05-20,1,21,108,693,564,19189,4575,1242,13372
1590019200000,2020-05-21,1,36,263,973,674,20162,4838,1278,14046
1590105600000,2020-05-22,1,48,219,634,367,20796,5057,1326,14413
1590192000000,2020-05-23,1,25,192,949,732,21745,5249,1351,15145
1590278400000,2020-05-24,1,21,153,526,352,22271,5402,1372,15497
1590364800000,2020-05-25,1,19,240,479,220,22750,5642,1391,15717
1590451200000,2020-05-26,1,27,235,415,153,23165,5877,1418,15870
1590537600000,2020-05-27,1,55,180,686,451,23851,6057,1473,16321
1590624000000,2020-05-28,1,23,183,687,481,24538,6240,1496,16802
1590710400000,2020-05-29,1,24,252,678,402,25216,6492,1520,17204
1590796800000,2020-05-30,1,53,523,557,19,25773,7015,1573,17185
1590883200000,2020-05-31,1,40,293,700,367,26473,7308,1613,17552
1590969600000,2020-06-01,1,28,329,467,110,26940,7637,1641,17662
1591056000000,2020-06-02,1,22,298,609,289,27549,7935,1663,17951
1591142400000,2020-06-03,1,35,471,684,178,28233,8406,1698,18129
1591228800000,2020-06-04,1,23,486,585,76,28818,8892,1721,18205
1591315200000,2020-06-05,1,49,551,703,103,29521,9443,1770,18308
1591401600000,2020-06-06,1,31,464,993,498,30514,9907,1801,18806
1591488000000,2020-06-07,1,50,591,672,31,31186,10498,1851,18837
1591574400000,2020-06-08,1,32,406,847,409,32033,10904,1883,19246
1591660800000,2020-06-09,1,40,510,1042,492,33075,11414,1923,19738
1591747200000,2020-06-10,1,36,715,1241,490,34316,12129,1959,20228
1591833600000,2020-06-11,1,41,507,979,431,35295,12636,2000,20659
1591920000000,2020-06-12,1,48,577,1111,486,36406,13213,2048,21145
1592006400000,2020-06-13,1,43,563,1014,408,37420,13776,2091,21553
1592092800000,2020-06-14,1,43,755,857,59,38277,14531,2134,21612
1592179200000,2020-06-15,1,64,592,1017,361,39294,15123,2198,21973
1592265600000,2020-06-16,1,33,580,1106,493,40400,15703,2231,22466
1592352000000,2020-06-17,1,45,540,1031,446,41431,16243,2276,22912
1592438400000,2020-06-18,1,63,555,1331,713,42762,16798,2339,23625
1592524800000,2020-06-19,1,34,551,1041,456,43803,17349,2373,24081
1592611200000,2020-06-20,1,56,534,1226,636,45029,17883,2429,24717
1592697600000,2020-06-21,1,36,521,862,305,45891,18404,2465,25022
1592784000000,2020-06-22,1,35,331,954,588,46845,18735,2500,25610
1592870400000,2020-06-23,1,35,506,1051,510,47896,19241,2535,26120
1592956800000,2020-06-24,1,38,417,1113,658,49009,19658,2573,26778
1593043200000,2020-06-25,1,47,791,1178,340,50187,20449,2620,27118
1593129600000,2020-06-26,1,63,884,1240,293,51427,21333,2683,27411
1593216000000,2020-06-27,1,37,576,1385,772,52812,21909,2720,28183
1593302400000,2020-06-28,1,34,1027,1198,137,54010,22936,2754,28320
1593388800000,2020-06-29,1,51,864,1082,167,55092,23800,2805,28487
1593475200000,2020-06-30,1,71,1006,1293,216,56385,24806,2876,28703
1593561600000,2020-07-01,1,58,789,1385,538,57770,25595,2934,29241
1593648000000,2020-07-02,1,53,1072,1624,499,59394,26667,2987,29740
1593734400000,2020-07-03,1,49,901,1301,351,60695,27568,3036,30091
1593820800000,2020-07-04,1,53,651,1447,743,62142,28219,3089,30834
1593907200000,2020-07-05,1,82,886,1607,639,63749,29105,3171,31473
1593993600000,2020-07-06,1,70,814,1209,325,64958,29919,3241,31798
1594080000000,2020-07-07,1,68,866,1268,334,66226,30785,3309,32132
1594166400000,2020-07-08,1,50,800,1853,1003,68079,31585,3359,33135
1594252800000,2020-07-09,1,58,1066,2657,1533,70736,32651,3417,34668
1594339200000,2020-07-10,1,52,878,1611,681,72347,33529,3469,35349
1594425600000,2020-07-11,1,66,1190,1671,415,74018,34719,3535,35764
1594512000000,2020-07-12,1,71,919,1681,691,75699,35638,3606,36455
1594598400000,2020-07-13,1,50,1051,1282,181,76981,36689,3656,36636
1594684800000,2020-07-14,1,54,947,1591,590,78572,37636,3710,37226
1594771200000,2020-07-15,1,87,1414,1522,21,80094,39050,3797,37247
1594857600000,2020-07-16,1,76,1295,1574,203,81668,40345,3873,37450
1594944000000,2020-07-17,1,84,1489,1462,111,83130,41834,3957,37339
1595030400000,2020-07-18,1,59,1434,1752,259,84882,43268,4016,37598
1595116800000,2020-07-19,1,127,2133,1639,621,86521,45401,4143,36977
1595203200000,2020-07-20,1,96,1576,1693,21,88214,46977,4239,36998
1595289600000,2020-07-21,1,81,1489,1655,85,89869,48466,4320,37083
1595376000000,2020-07-22,1,139,1789,1882,46,91751,50255,4459,37037
1595462400000,2020-07-23,1,117,1909,1906,120,93657,52164,4576,36917
1595548800000,2020-07-24,1,89,1781,1761,109,95418,53945,4665,36808
1595635200000,2020-07-25,1,49,1409,1868,410,97286,55354,4714,37218
1595721600000,2020-07-26,1,67,1301,1492,124,98778,56655,4781,37342
1595808000000,2020-07-27,1,57,1518,1525,50,100303,58173,4838,37292
1595894400000,2020-07-28,1,63,2366,1748,681,102051,60539,4901,36611
1595980800000,2020-07-29,1,74,1599,2381,708,104432,62138,4975,37319
1596067200000,2020-07-30,1,83,2154,1904,333,106336,64292,5058,36986
1596153600000,2020-07-31,1,73,1615,2040,352,108376,65907,5131,37338
1596240000000,2020-08-01,1,62,2012,1560,514,109936,67919,5193,36824
1596326400000,2020-08-02,1,43,1056,1519,420,111455,68975,5236,37244
1596412800000,2020-08-03,1,66,1262,1679,351,113134,70237,5302,37595
1596499200000,2020-08-04,1,86,1813,1922,23,115056,72050,5388,37618
1596585600000,2020-08-05,1,64,1839,1815,88,116871,73889,5452,37530
1596672000000,2020-08-06,1,69,1756,1882,57,118753,75645,5521,37587
1596758400000,2020-08-07,1,72,1912,2473,489,121226,77557,5593,38076
1596844800000,2020-08-08,1,65,1749,2277,463,123503,79306,5658,38539
1596931200000,2020-08-09,1,65,1646,1893,182,125396,80952,5723,38721
1597017600000,2020-08-10,1,42,1284,1687,361,127083,82236,5765,39082
1597104000000,2020-08-11,1,59,1474,1693,160,128776,83710,5824,39242
1597190400000,2020-08-12,1,79,2088,1942,225,130718,85798,5903,39017
1597276800000,2020-08-13,1,65,1760,2098,273,132816,87558,5968,39290
1597363200000,2020-08-14,1,53,2060,2307,194,135123,89618,6021,39484
1597449600000,2020-08-15,1,50,1703,2345,592,137468,91321,6071,40076
1597536000000,2020-08-16,1,79,1782,2081,220,139549,93103,6150,40296
1597622400000,2020-08-17,1,57,1355,1821,409,141370,94458,6207,40705
1597708800000,2020-08-18,1,70,1848,1673,245,143043,96306,6277,40460
1597795200000,2020-08-19,1,69,2351,1902,518,144945,98657,6346,39942
1597881600000,2020-08-20,1,72,2017,2266,177,147211,100674,6418,40119
1597968000000,2020-08-21,1,82,2317,2197,202,149408,102991,6500,39917
1598054400000,2020-08-22,1,94,2207,2090,211,151498,105198,6594,39706
1598140800000,2020-08-23,1,86,2302,2037,351,153535,107500,6680,39355
1598227200000,2020-08-24,1,79,3560,1877,1762,155412,111060,6759,37593
1598313600000,2020-08-25,1,99,1807,2447,541,157859,112867,6858,38134
1598400000000,2020-08-26,1,86,2542,2306,322,160165,115409,6944,37812
1598486400000,2020-08-27,1,120,3166,2719,567,162884,118575,7064,37245
1598572800000,2020-08-28,1,105,2325,3003,573,165887,120900,7169,37818
1598659200000,2020-08-29,1,92,1902,3308,1314,169195,122802,7261,39132
1598745600000,2020-08-30,1,82,1383,2858,1393,172053,124185,7343,40525
1598832000000,2020-08-31,1,74,1774,2743,895,174796,125959,7417,41420
1598918400000,2020-09-01,2,88,2098,2775,589,177571,128057,7505,42009
1599004800000,2020-09-02,1,111,1914,3075,1050,180646,129971,7616,43059
1599091200000,2020-09-03,1,134,2084,3622,1404,184268,132055,7750,44463
1599177600000,2020-09-04,1,82,2126,3269,1061,187537,134181,7832,45524
1599264000000,2020-09-05,1,108,2220,3128,800,190665,136401,7940,46324
1599350400000,2020-09-06,1,85,2174,3444,1185,194109,138575,8025,47509
1599436800000,2020-09-07,1,105,2077,2880,698,196989,140652,8130,48207
1599523200000,2020-09-08,1,100,2306,3046,640,200035,142958,8230,48847
1599609600000,2020-09-09,1,106,2242,3307,959,203342,145200,8336,49806
1599696000000,2020-09-10,1,120,2310,3861,1431,207203,147510,8456,51237
1599782400000,2020-09-11,1,88,2707,3737,942,210940,150217,8544,52179
1599868800000,2020-09-12,1,106,2241,3806,1459,214746,152458,8650,53638
1599955200000,2020-09-13,1,73,2552,3636,1011,218382,155010,8723,54649
1600041600000,2020-09-14,1,118,3395,3141,372,221523,158405,8841,54277
1600128000000,2020-09-15,1,124,2660,3507,723,225030,161065,8965,55000
1600214400000,2020-09-16,1,135,3036,3963,792,228993,164101,9100,55792
1600300800000,2020-09-17,1,122,2585,3635,928,232628,166686,9222,56720
1600387200000,2020-09-18,1,114,4088,3891,311,236519,170774,9336,56409
1600473600000,2020-09-19,1,112,3576,4168,480,240687,174350,9448,56889
1600560000000,2020-09-20,1,105,2977,3989,907,244676,177327,9553,57796
1600646400000,2020-09-21,1,124,3470,4176,582,248852,180797,9677,58378
1600732800000,2020-09-22,1,160,3501,4071,410,252923,184298,9837,58788
1600819200000,2020-09-23,1,140,3660,4465,665,257388,187958,9977,59453
1600905600000,2020-09-24,1,128,3895,4634,611,262022,191853,10105,60064
1600992000000,2020-09-25,1,113,4343,4823,367,266845,196196,10218,60431
1601078400000,2020-09-26,1,90,3207,4494,1197,271339,199403,10308,61628
1601164800000,2020-09-27,1,78,3611,3874,185,275213,203014,10386,61813
1601251200000,2020-09-28,1,87,3856,3509,434,278722,206870,10473,61379
1601337600000,2020-09-29,1,128,3567,4002,307,282724,210437,10601,61686
1601424000000,2020-09-30,1,139,4510,4284,365,287008,214947,10740,61321
1601510400000,2020-10-01,1,116,3540,4174,518,291182,218487,10856,61839
1601596800000,2020-10-02,1,116,2853,4317,1348,295499,221340,10972,63187
1601683200000,2020-10-03,1,83,3712,4007,212,299506,225052,11055,63399
1601769600000,2020-10-04,1,96,3401,3992,495,303498,228453,11151,63894
1601856000000,2020-10-05,1,102,4140,3622,620,307120,232593,11253,63274
1601942400000,2020-10-06,1,121,3844,4056,91,311176,236437,11374,63365
1602028800000,2020-10-07,1,98,3854,4538,586,315714,240291,11472,63951
1602115200000,2020-10-08,1,108,3769,4850,973,320564,244060,11580,64924
1602201600000,2020-10-09,1,97,3607,4094,390,324658,247667,11677,65314
1602288000000,2020-10-10,1,88,3814,4294,392,328952,251481,11765,65706
1602374400000,2020-10-11,1,79,3546,4497,872,333449,255027,11844,66578
1602460800000,2020-10-12,1,91,3492,3267,316,336716,258519,11935,66262
1602547200000,2020-10-13,1,92,4777,3906,963,340622,263296,12027,65299
1602633600000,2020-10-14,1,129,4555,4127,557,344749,267851,12156,64742
1602720000000,2020-10-15,1,112,5810,4411,1511,349160,273661,12268,63231
1602806400000,2020-10-16,1,79,3883,4301,339,353461,277544,12347,63570
1602892800000,2020-10-17,1,84,4048,4301,169,357762,281592,12431,63739
1602979200000,2020-10-18,1,80,3732,4105,293,361867,285324,12511,64032
1603065600000,2020-10-19,1,106,3919,3373,652,365240,289243,12617,63380
1603152000000,2020-10-20,1,117,4410,3602,925,368842,293653,12734,62455
1603238400000,2020-10-21,1,123,3856,4267,288,373109,297509,12857,62743
1603324800000,2020-10-22,1,102,3497,4432,833,377541,301006,12959,63576
1603411200000,2020-10-23,1,118,4094,4369,157,381910,305100,13077,63733
1603497600000,2020-10-24,1,128,4119,4070,177,385980,309219,13205,63556
1603584000000,2020-10-25,1,94,4545,3732,907,389712,313764,13299,62649
1603670400000,2020-10-26,1,112,3908,3222,798,392934,317672,13411,61851
1603756800000,2020-10-27,1,101,4576,3520,1157,396454,322248,13512,60694
1603843200000,2020-10-28,1,100,3545,4029,384,400483,325793,13612,61078
1603929600000,2020-10-29,1,89,3985,3565,509,404048,329778,13701,60569
1604016000000,2020-10-30,1,81,4517,2897,1701,406945,334295,13782,58868
1604102400000,2020-10-31,1,87,3506,3143,450,410088,337801,13869,58418
1604188800000,2020-11-01,1,74,4141,2696,1519,412784,341942,13943,56899
1604275200000,2020-11-02,1,101,3624,2618,1107,415402,345566,14044,55792
1604361600000,2020-11-03,1,102,3931,2973,1060,418375,349497,14146,54732
1604448000000,2020-11-04,1,113,3785,3356,542,421731,353282,14259,54190
1604534400000,2020-11-05,1,89,3860,4065,116,425796,357142,14348,54306
1604620800000,2020-11-06,1,94,3563,3778,121,429574,360705,14442,54427
1604707200000,2020-11-07,1,98,3712,4262,452,433836,364417,14540,54879
1604793600000,2020-11-08,1,74,3881,3880,75,437716,368298,14614,54804
1604880000000,2020-11-09,1,75,3968,2853,1190,440569,372266,14689,53614
1604966400000,2020-11-10,1,72,3475,3779,232,444348,375741,14761,53846
1605052800000,2020-11-11,1,75,3241,3770,454,448118,378982,14836,54300
1605139200000,2020-11-12,1,97,3102,4173,974,452291,382084,14933,55274
1605225600000,2020-11-13,1,104,3010,5444,2330,457735,385094,15037,57604
1605312000000,2020-11-14,1,111,3000,5272,2161,463007,388094,15148,59765
1605398400000,2020-11-15,1,63,3897,4106,146,467113,391991,15211,59911
1605484800000,2020-11-16,1,85,3452,3535,2,470648,395443,15296,59909
1605571200000,2020-11-17,1,97,3193,3807,517,474455,398636,15393,60426
1605657600000,2020-11-18,1,110,3711,4265,444,478720,402347,15503,60870
1605744000000,2020-11-19,1,97,4265,4798,436,483518,406612,15600,61306
1605830400000,2020-11-20,1,78,3940,4792,774,488310,410552,15678,62080
1605916800000,2020-11-21,1,96,3403,4998,1499,493308,413955,15774,63579
1606003200000,2020-11-22,1,110,4233,4360,17,497668,418188,15884,63596
1606089600000,2020-11-23,1,118,4198,4442,126,502110,422386,16002,63722
1606176000000,2020-11-24,1,109,2927,4192,1156,506302,425313,16111,64878
1606262400000,2020-11-25,1,114,4494,5534,926,511836,429807,16225,65804
1606348800000,2020-11-26,1,127,3842,4917,948,516753,433649,16352,66752
1606435200000,2020-11-27,1,169,3807,5828,1852,522581,437456,16521,68604
1606521600000,2020-11-28,1,125,4527,5418,766,527999,441983,16646,69370
1606608000000,2020-11-29,1,169,3810,6267,2288,534266,445793,16815,71658
1606694400000,2020-11-30,1,130,4725,4617,238,538883,450518,16945,71420
1606780800000,2020-12-01,1,136,4361,5092,595,543975,454879,17081,72015
1606867200000,2020-12-02,1,118,4001,5533,1414,549508,458880,17199,73429
1606953600000,2020-12-03,1,156,3673,8369,4540,557877,462553,17355,77969
1607040000000,2020-12-04,1,124,3625,5803,2054,563680,466178,17479,80023
1607126400000,2020-12-05,1,110,4271,6027,1646,569707,470449,17589,81669
1607212800000,2020-12-06,1,151,4322,6089,1616,575796,474771,17740,83285
1607299200000,2020-12-07,1,127,4431,5754,1196,581550,479202,17867,84481
1607385600000,2020-12-08,1,133,4295,5292,864,586842,483497,18000,85345
1607472000000,2020-12-09,1,171,3948,6058,1939,592900,487445,18171,87284
1607558400000,2020-12-10,1,165,4530,6033,1338,598933,491975,18336,88622
1607644800000,2020-12-11,1,175,4911,6310,1224,605243,496886,18511,89846
1607731200000,2020-12-12,1,142,4490,6388,1756,611631,501376,18653,91602
1607817600000,2020-12-13,1,166,4460,6189,1563,617820,505836,18819,93165
1607904000000,2020-12-14,1,137,5121,5489,231,623309,510957,18956,93396
1607990400000,2020-12-15,1,155,5699,6120,266,629429,516656,19111,93662
1608076800000,2020-12-16,1,137,5328,6725,1260,636154,521984,19248,94922
1608163200000,2020-12-17,1,142,4995,7354,2217,643508,526979,19390,97139
1608249600000,2020-12-18,1,124,5016,6689,1549,650197,531995,19514,98688
1608336000000,2020-12-19,1,145,4265,7751,3341,657948,536260,19659,102029
1608422400000,2020-12-20,1,221,5551,6982,1210,664930,541811,19880,103239
1608508800000,2020-12-21,1,205,5073,6848,1570,671778,546884,20085,104809
1608595200000,2020-12-22,1,172,5838,6347,337,678125,552722,20257,105146
1608681600000,2020-12-23,1,151,5981,7514,1382,685639,558703,20408,106528
1608768000000,2020-12-24,1,181,5277,7199,1741,692838,563980,20589,108269
1608854400000,2020-12-25,1,258,6324,7259,677,700097,570304,20847,108946
1608940800000,2020-12-26,1,147,6389,6740,204,706837,576693,20994,109150
1609027200000,2020-12-27,1,243,6983,6528,698,713365,583676,21237,108452
1609113600000,2020-12-28,1,215,6302,5854,663,719219,589978,21452,107789
1609200000000,2020-12-29,1,251,6805,7903,847,727122,596783,21703,108636
1609286400000,2020-12-30,1,241,6958,8002,803,735124,603741,21944,109439
1609372800000,2020-12-31,1,194,7356,8074,524,743198,611097,22138,109963
1609459200000,2021-01-01,1,191,6839,8072,1042,751270,617936,22329,111005
1609545600000,2021-01-02,1,226,7582,7203,605,758473,625518,22555,110400
1609632000000,2021-01-03,1,179,6419,6877,279,765350,631937,22734,110679
1609718400000,2021-01-04,1,177,7166,6753,590,772103,639103,22911,110089
1609804800000,2021-01-05,1,198,6643,7445,604,779548,645746,23109,110693
1609891200000,2021-01-06,1,187,6767,8854,1900,788402,652513,23296,112593
1609977600000,2021-01-07,1,224,6924,9321,2173,797723,659437,23520,114766
1610064000000,2021-01-08,1,233,7446,10617,2938,808340,666883,23753,117704
1610150400000,2021-01-09,1,194,6628,10046,3224,818386,673511,23947,120928
1610236800000,2021-01-10,1,182,7513,9640,1945,828026,681024,24129,122873
1610323200000,2021-01-11,1,214,7715,8692,763,836718,688739,24343,123636
1610409600000,2021-01-12,1,302,7068,10047,2677,846765,695807,24645,126313
1610496000000,2021-01-13,1,306,7657,11278,3315,858043,703464,24951,129628
1610582400000,2021-01-14,1,295,7741,11557,3521,869600,711205,25246,133149
1610668800000,2021-01-15,1,238,7491,12818,5089,882418,718696,25484,138238
1610755200000,2021-01-16,1,283,8662,14224,5279,896642,727358,25767,143517
1610841600000,2021-01-17,1,220,9102,11287,1965,907929,736460,25987,145482
1610928000000,2021-01-18,1,295,9475,9086,684,917015,745935,26282,144798
1611014400000,2021-01-19,1,308,8013,10365,2044,927380,753948,26590,146842
1611100800000,2021-01-20,1,267,9755,12568,2546,939948,763703,26857,149388
1611187200000,2021-01-21,1,346,9087,11703,2270,951651,772790,27203,151658
1611273600000,2021-01-22,1,250,8357,13632,5025,965283,781147,27453,156683
1611360000000,2021-01-23,1,211,9912,12191,2068,977474,791059,27664,158751
1611446400000,2021-01-24,1,171,7751,11788,3866,989262,798810,27835,162617
1611532800000,2021-01-25,1,297,10678,9994,981,999256,809488,28132,161636
1611619200000,2021-01-26,1,336,10868,13094,1890,1012350,820356,28468,163526
1611705600000,2021-01-27,1,387,10974,11948,587,1024298,831330,28855,164113
1611792000000,2021-01-28,1,476,10792,13695,2427,1037993,842122,29331,166540
1611878400000,2021-01-29,1,187,10138,13802,3477,1051795,852260,29518,170017
1611964800000,2021-01-30,1,210,10242,14518,4066,1066313,862502,29728,174083
1612051200000,2021-01-31,1,270,10719,12001,1012,1078314,873221,29998,175095
1612137600000,2021-02-01,1,279,10461,10994,254,1089308,883682,30277,175349
1612224000000,2021-02-02,1,304,12848,10379,2773,1099687,896530,30581,172576
1612310400000,2021-02-03,1,189,9135,11984,2660,1111671,905665,30770,175236
1612396800000,2021-02-04,1,231,11641,11434,438,1123105,917306,31001,174798
1612483200000,2021-02-05,1,201,9674,11749,1874,1134854,926980,31202,176672
1612569600000,2021-02-06,1,191,12204,12156,239,1147010,939184,31393,176433
1612656000000,2021-02-07,1,163,10806,10827,142,1157837,949990,31556,176291
1612742400000,2021-02-08,1,207,13038,8242,5003,1166079,963028,31763,171288
1612828800000,2021-02-09,1,213,10424,8700,1937,1174779,973452,31976,169351
1612915200000,2021-02-10,1,191,9520,8776,935,1183555,982972,32167,168416
1613001600000,2021-02-11,1,214,10145,8435,1924,1191990,993117,32381,166492
1613088000000,2021-02-12,1,275,11000,9869,1406,1201859,1004117,32656,165086
1613174400000,2021-02-13,1,280,11919,8844,3355,1210703,1016036,32936,161731
1613260800000,2021-02-14,1,247,9237,6765,2719,1217468,1025273,33183,159012
1613347200000,2021-02-15,1,184,6792,6462,514,1223930,1032065,33367,158498
1613433600000,2021-02-16,1,229,7609,10029,2191,1233959,1039674,33596,160689
1613520000000,2021-02-17,1,192,8002,9687,1493,1243646,1047676,33788,162182
1613606400000,2021-02-18,1,181,10546,9039,1688,1252685,1058222,33969,160494
1613692800000,2021-02-19,1,183,10783,10614,352,1263299,1069005,34152,160142
1613779200000,2021-02-20,1,164,9835,8054,1945,1271353,1078840,34316,158197
1613865600000,2021-02-21,1,173,8236,7300,1109,1278653,1087076,34489,157088
1613952000000,2021-02-22,1,202,9918,10180,60,1288833,1096994,34691,157148
1614038400000,2021-02-23,1,323,7996,9775,1456,1298608,1104990,35014,158604
1614124800000,2021-02-24,1,240,7735,7533,442,1306141,1112725,35254,158162
1614211200000,2021-02-25,1,264,8686,8493,457,1314634,1121411,35518,157705
1614297600000,2021-02-26,1,268,7261,8232,703,1322866,1128672,35786,158408
1614384000000,2021-02-27,1,195,7382,6208,1369,1329074,1136054,35981,157039
1614470400000,2021-02-28,1,185,6649,5560,1274,1334634,1142703,36166,155765
1614556800000,2021-03-01,1,159,9212,6680,2691,1341314,1151915,36325,153074
1614643200000,2021-03-02,1,193,8948,5712,3429,1347026,1160863,36518,149645
1614729600000,2021-03-03,1,203,9053,6808,2448,1353834,1169916,36721,147197
1614816000000,2021-03-04,1,176,6440,7264,648,1361098,1176356,36897,147845
1614902400000,2021-03-05,1,129,6331,6971,511,1368069,1182687,37026,148356
1614988800000,2021-03-06,1,128,6823,5767,1184,1373836,1189510,37154,147172
1615075200000,2021-03-07,1,112,5146,5826,568,1379662,1194656,37266,147740
1615161600000,2021-03-08,1,281,8725,6894,2112,1386556,1203381,37547,145628
1615248000000,2021-03-09,1,210,7496,6389,1317,1392945,1210877,37757,144311
1615334400000,2021-03-10,1,175,5556,5633,98,1398578,1216433,37932,144213
1615420800000,2021-03-11,1,117,8170,5144,3143,1403722,1224603,38049,141070
1615507200000,2021-03-12,1,180,6851,6412,619,1410134,1231454,38229,140451
1615593600000,2021-03-13,1,100,6016,4607,1509,1414741,1237470,38329,138942
1615680000000,2021-03-14,1,97,5647,4714,1030,1419455,1243117,38426,137912
1615766400000,2021-03-15,1,147,6830,5589,1388,1425044,1249947,38573,136524
1615852800000,2021-03-16,1,180,7716,5414,2482,1430458,1257663,38753,134042
1615939200000,2021-03-17,1,162,9010,6825,2347,1437283,1266673,38915,131695
1616025600000,2021-03-18,1,227,6285,6570,58,1443853,1272958,39142,131753
1616112000000,2021-03-19,1,197,6007,6279,75,1450132,1278965,39339,131828
1616198400000,2021-03-20,1,108,5760,5656,212,1455788,1284725,39447,131616
1616284800000,2021-03-21,1,103,6065,4396,1772,1460184,1290790,39550,129844
1616371200000,2021-03-22,1,161,7177,5744,1594,1465928,1297967,39711,128250
1616457600000,2021-03-23,1,154,6954,5297,1811,1471225,1304921,39865,126439
1616544000000,2021-03-24,1,118,7622,5227,2513,1476452,1312543,39983,123926
1616630400000,2021-03-25,1,98,4656,6107,1353,1482559,1317199,40081,125279
1616716800000,2021-03-26,1,85,5679,4982,782,1487541,1322878,40166,124497
1616803200000,2021-03-27,1,198,4243,4461,20,1492002,1327121,40364,124517
1616889600000,2021-03-28,1,85,4279,4083,281,1496085,1331400,40449,124236
1616976000000,2021-03-29,1,132,5418,5008,542,1501093,1336818,40581,123694
1617062400000,2021-03-30,1,173,5877,4682,1368,1505775,1342695,40754,122326
1617148800000,2021-03-31,1,104,5635,5937,198,1511712,1348330,40858,122524
1617235200000,2021-04-01,1,196,7248,6142,1302,1517854,1355578,41054,121222
1617321600000,2021-04-02,1,97,5439,5325,211,1523179,1361017,41151,121011
1617408000000,2021-04-03,1,91,5197,4345,943,1527524,1366214,41242,120068
1617494400000,2021-04-04,1,427,9663,6731,3359,1534255,1375877,41669,116709
1617580800000,2021-04-05,1,146,5800,3712,2234,1537967,1381677,41815,114475
1617667200000,2021-04-06,1,162,4296,4549,91,1542516,1385973,41977,114566
1617753600000,2021-04-07,1,87,5769,4860,996,1547376,1391742,42064,113570
1617840000000,2021-04-08,1,163,7640,5504,2299,1552880,1399382,42227,111271
1617926400000,2021-04-09,1,121,6277,5265,1133,1558145,1405659,42348,110138
1618012800000,2021-04-10,1,95,3629,4723,999,1562868,1409288,42443,111137
1618099200000,2021-04-11,1,87,5219,4127,1179,1566995,1414507,42530,109958
1618185600000,2021-04-12,1,126,5289,4829,586,1571824,1419796,42656,109372
1618272000000,2021-04-13,1,126,6349,5702,773,1577526,1426145,42782,108599
1618358400000,2021-04-14,1,124,5747,5656,215,1583182,1431892,42906,108384
1618444800000,2021-04-15,1,167,6362,6177,352,1589359,1438254,43073,108032
1618531200000,2021-04-16,1,123,5975,5363,735,1594722,1444229,43196,107297
1618617600000,2021-04-17,1,132,5963,5041,1054,1599763,1450192,43328,106243
1618704000000,2021-04-18,1,96,4873,4585,384,1604348,1455065,43424,105859
1618790400000,2021-04-19,1,143,6349,4952,1540,1609300,1461414,43567,104319
1618876800000,2021-04-20,1,210,6728,5549,1389,1614849,1468142,43777,102930
1618963200000,2021-04-21,1,230,7314,5720,1824,1620569,1475456,44007,101106
1619049600000,2021-04-22,1,165,5993,6243,85,1626812,1481449,44172,101191
1619136000000,2021-04-23,1,174,5920,5436,658,1632248,1487369,44346,100533
1619222400000,2021-04-24,1,154,4953,4544,563,1636792,1492322,44500,99970
1619308800000,2021-04-25,1,94,3804,4402,504,1641194,1496126,44594,100474
1619395200000,2021-04-26,1,177,5589,5944,178,1647138,1501715,44771,100652
1619481600000,2021-04-27,1,168,4884,4656,396,1651794,1506599,44939,100256
1619568000000,2021-04-28,1,177,4818,5241,246,1657035,1511417,45116,100502
1619654400000,2021-04-29,1,218,6015,5833,400,1662868,1517432,45334,100102
1619740800000,2021-04-30,1,187,5202,5500,111,1668368,1522634,45521,100213
1619827200000,2021-05-01,1,131,4344,4512,37,1672880,1526978,45652,100250
1619913600000,2021-05-02,1,144,3740,4394,510,1677274,1530718,45796,100760
1620000000000,2021-05-03,1,153,4773,4730,196,1682004,1535491,45949,100564
1620086400000,2021-05-04,1,188,5658,4369,1477,1686373,1541149,46137,99087
1620172800000,2021-05-05,1,212,5943,5285,870,1691658,1547092,46349,98217
1620259200000,2021-05-06,1,147,5440,5647,60,1697305,1552532,46496,98277
1620345600000,2021-05-07,1,167,5891,6327,269,1703632,1558423,46663,98546
1620432000000,2021-05-08,1,179,5494,6130,457,1709762,1563917,46842,99003
1620518400000,2021-05-09,1,170,4360,3922,608,1713684,1568277,47012,98395
1620604800000,2021-05-10,1,206,6338,4891,1653,1718575,1574615,47218,96742
1620691200000,2021-05-11,1,247,5592,5021,818,1723596,1580207,47465,95924
1620777600000,2021-05-12,1,152,4671,4608,215,1728204,1584878,47617,95709
1620864000000,2021-05-13,1,99,4201,3448,852,1731652,1589079,47716,94857
1620950400000,2021-05-14,1,107,3807,2633,1281,1734285,1592886,47823,93576
1621036800000,2021-05-15,1,144,4181,2385,1940,1736670,1597067,47967,91636
1621123200000,2021-05-16,1,126,3790,3080,836,1739750,1600857,48093,90800
1621209600000,2021-05-17,1,212,5754,4295,1671,1744045,1606611,48305,89129
1621296000000,2021-05-18,1,172,5628,4185,1615,1748230,1612239,48477,87514
1621382400000,2021-05-19,1,192,4364,4871,315,1753101,1616603,48669,87829
1621468800000,2021-05-20,1,218,4969,5797,610,1758898,1621572,48887,88439
1621555200000,2021-05-21,1,186,4570,5746,990,1764644,1626142,49073,89429
1621641600000,2021-05-22,1,132,3353,5296,1811,1769940,1629495,49205,91240
1621728000000,2021-05-23,1,123,3550,5280,1607,1775220,1633045,49328,92847
1621814400000,2021-05-24,1,127,5234,5907,546,1781127,1638279,49455,93393
1621900800000,2021-05-25,1,172,3795,5060,1093,1786187,1642074,49627,94486
1621987200000,2021-05-26,1,144,3189,5034,1701,1791221,1645263,49771,96187
1622073600000,2021-05-27,1,136,3924,6278,2218,1797499,1649187,49907,98405
1622160000000,2021-05-28,1,193,5370,5862,299,1803361,1654557,50100,98704
1622246400000,2021-05-29,1,162,5417,6565,986,1809926,1659974,50262,99690
1622332800000,2021-05-30,1,142,4024,6115,1949,1816041,1663998,50404,101639
1622419200000,2021-05-31,1,174,5121,5662,367,1821703,1669119,50578,102006
1622505600000,2021-06-01,1,145,5360,4824,681,1826527,1674479,50723,101325
1622592000000,2021-06-02,1,185,6022,5246,961,1831773,1680501,50908,100364
1622678400000,2021-06-03,1,187,11092,5353,5926,1837126,1691593,51095,94438
1622764800000,2021-06-04,1,201,5950,6486,335,1843612,1697543,51296,94773
1622851200000,2021-06-05,1,153,4241,6594,2200,1850206,1701784,51449,96973
1622937600000,2021-06-06,1,163,4187,5832,1482,1856038,1705971,51612,98455
1623024000000,2021-06-07,1,191,5594,6993,1208,1863031,1711565,51803,99663
1623110400000,2021-06-08,1,189,5805,6294,300,1869325,1717370,51992,99963
1623196800000,2021-06-09,1,170,5883,7725,1672,1877050,1723253,52162,101635
1623283200000,2021-06-10,1,211,5661,8892,3020,1885942,1728914,52373,104655
1623369600000,2021-06-11,1,193,6230,8083,1660,1894025,1735144,52566,106315
1623456000000,2021-06-12,1,164,5292,7465,2009,1901490,1740436,52730,108324
1623542400000,2021-06-13,1,149,4655,9868,5064,1911358,1745091,52879,113388
1623628800000,2021-06-14,1,237,6143,8189,1809,1919547,1751234,53116,115197
1623715200000,2021-06-15,1,164,6407,8161,1590,1927708,1757641,53280,116787
1623801600000,2021-06-16,1,196,6229,9944,3519,1937652,1763870,53476,120306
1623888000000,2021-06-17,1,277,7350,12624,4997,1950276,1771220,53753,125303
1623974400000,2021-06-18,1,290,7907,12990,4793,1963266,1779127,54043,130096
1624060800000,2021-06-19,1,248,7016,12906,5642,1976172,1786143,54291,135738
1624147200000,2021-06-20,1,371,6385,13737,6981,1989909,1792528,54662,142719
1624233600000,2021-06-21,1,294,9233,14536,5009,2004445,1801761,54956,147728
1624320000000,2021-06-22,1,335,8375,13668,4958,2018113,1810136,55291,152686
1624406400000,2021-06-23,1,303,7167,15308,7838,2033421,1817303,55594,160524
1624492800000,2021-06-24,1,355,9201,20574,11018,2053995,1826504,55949,171542
1624579200000,2021-06-25,1,422,8557,18872,9893,2072867,1835061,56371,181435
1624665600000,2021-06-26,1,358,7396,21095,13341,2093962,1842457,56729,194776
1624752000000,2021-06-27,1,409,8024,21342,12909,2115304,1850481,57138,207685
1624838400000,2021-06-28,1,423,9480,20694,10791,2135998,1859961,57561,218476
1624924800000,2021-06-29,1,463,9645,20467,10359,2156465,1869606,58024,228835
1625011200000,2021-06-30,1,467,10807,21807,10533,2178272,1880413,58491,239368
1625097600000,2021-07-01,1,504,9874,24836,14458,2203108,1890287,58995,253826
1625184000000,2021-07-02,1,539,11578,25830,13713,2228938,1901865,59534,267539
1625270400000,2021-07-03,1,493,13282,27913,14138,2256851,1915147,60027,281677
1625356800000,2021-07-04,1,555,13127,27233,13551,2284084,1928274,60582,295228
1625443200000,2021-07-05,1,558,14416,29745,14771,2313829,1942690,61140,309999
1625529600000,2021-07-06,1,728,15863,31189,14598,2345018,1958553,61868,324597
1625616000000,2021-07-07,1,1040,14835,34379,18504,2379397,1973388,62908,343101
1625702400000,2021-07-08,1,852,21185,38391,16354,2417788,1994573,63760,359455
1625788800000,2021-07-09,1,871,28975,38124,8278,2455912,2023548,64631,367733
1625875200000,2021-07-10,1,826,28561,35094,5707,2491006,2052109,65457,373440
1625961600000,2021-07-11,1,1007,32615,36197,2575,2527203,2084724,66464,376015
1626048000000,2021-07-12,1,891,34754,40427,4782,2567630,2119478,67355,380797
1626134400000,2021-07-13,1,864,20123,47899,26912,2615529,2139601,68219,407709
1626220800000,2021-07-14,1,991,17762,54517,35764,2670046,2157363,69210,443473
1626307200000,2021-07-15,1,982,19049,56757,36726,2726803,2176412,70192,480199
1626393600000,2021-07-16,1,1205,28079,54000,24716,2780803,2204491,71397,504915
1626480000000,2021-07-17,1,1092,27903,51952,22957,2832755,2232394,72489,527872
1626566400000,2021-07-18,1,1093,29264,44721,14364,2877476,2261658,73582,542236
1626652800000,2021-07-19,1,1338,32217,34257,702,2911733,2293875,74920,542938
1626739200000,2021-07-20,1,1280,29791,38325,7254,2950058,2323666,76200,550192
1626825600000,2021-07-21,1,1383,32887,33772,498,2983830,2356553,77583,549694
1626912000000,2021-07-22,1,1449,36370,49509,11690,3033339,2392923,79032,561384
1626998400000,2021-07-23,1,1566,38988,49071,8517,3082410,2431911,80598,569901
1627084800000,2021-07-24,1,1415,39767,45416,4234,3127826,2471678,82013,574135
1627171200000,2021-07-25,1,1266,37640,38679,227,3166505,2509318,83279,573908
1627257600000,2021-07-26,1,1487,40374,28228,13633,3194733,2549692,84766,560275
1627344000000,2021-07-27,1,2069,47128,45203,3994,3239936,2596820,86835,556281
1627430400000,2021-07-28,1,1824,43856,47791,2111,3287727,2640676,88659,558392
1627516800000,2021-07-29,1,1893,45494,43479,3908,3331206,2686170,90552,554484
1627603200000,2021-07-30,1,1759,44550,41168,5141,3372374,2730720,92311,549343
1627689600000,2021-07-31,1,1808,39372,37284,3896,3409658,2770092,94119,545447
1627776000000,2021-08-01,1,1604,39446,30738,10312,3440396,2809538,95723,535135
1627862400000,2021-08-02,1,1568,32807,22404,11971,3462800,2842345,97291,523164
1627948800000,2021-08-03,1,1598,31324,33900,978,3496700,2873669,98889,524142
1628035200000,2021-08-04,1,1747,34251,35867,131,3532567,2907920,100636,524011
1628121600000,2021-08-05,1,1739,39726,35764,5701,3568331,2947646,102375,518310
1628208000000,2021-08-06,1,1635,48832,39532,10935,3607863,2996478,104010,507375
1628294400000,2021-08-07,1,1588,39716,31753,9551,3639616,3036194,105598,497824
1628380800000,2021-08-08,1,1498,48508,26415,23591,3666031,3084702,107096,474233
1628467200000,2021-08-09,1,1475,44959,20709,25725,3686740,3129661,108571,448508
1628553600000,2021-08-10,1,2048,41486,32081,11453,3718821,3171147,110619,437055
1628640000000,2021-08-11,1,1579,39931,30625,10885,3749446,3211078,112198,426170
1628726400000,2021-08-12,1,1466,36637,24709,13394,3774155,3247715,113664,412776
1628812800000,2021-08-13,1,1432,42003,30788,12647,3804943,3289718,115096,400129
1628899200000,2021-08-14,1,1270,31880,28598,4552,3833541,3321598,116366,395577
1628985600000,2021-08-15,1,1222,30361,20813,10770,3854354,3351959,117588,384807
1629072000000,2021-08-16,1,1245,29925,17384,13786,3871738,3381884,118833,371021
1629158400000,2021-08-17,1,1180,32225,20741,12664,3892479,3414109,120013,358357
1629244800000,2021-08-18,1,1128,29794,15768,15154,3908247,3443903,121141,343203
1629331200000,2021-08-19,1,1492,29012,22053,8451,3930300,3472915,122633,334752
1629417600000,2021-08-20,1,1348,26122,20004,7466,3950304,3499037,123981,327286
1629504000000,2021-08-21,1,1361,23011,16744,7628,3967048,3522048,125342,319658
1629590400000,2021-08-22,1,1030,24276,12408,12898,3979456,3546324,126372,306760
1629676800000,2021-08-23,1,842,24758,9604,15996,3989060,3571082,127214,290764
1629763200000,2021-08-24,1,1038,35082,19106,17014,4008166,3606164,128252,273750
1629849600000,2021-08-25,1,1041,33703,18671,16073,4026837,3639867,129293,257677
1629936000000,2021-08-26,1,889,30099,16899,14089,4043736,3669966,130182,243588
1630022400000,2021-08-27,1,599,19290,12618,7271,4056354,3689256,130781,236317
1630108800000,2021-08-28,1,591,18594,10050,9135,4066404,3707850,131372,227182
1630195200000,2021-08-29,1,551,16468,7427,9592,4073831,3724318,131923,217590
1630281600000,2021-08-30,1,568,19398,5436,14530,4079267,3743716,132491,203060
1630368000000,2021-08-31,1,532,16781,10534,6779,4089801,3760497,133023,196281
1630454400000,2021-09-01,1,653,16394,10337,6710,4100138,3776891,133676,189571
1630540800000,2021-09-02,1,680,21208,8955,12933,4109093,3798099,134356,176638
1630627200000,2021-09-03,1,574,15544,7797,8321,4116890,3813643,134930,168317
1630713600000,2021-09-04,1,539,13806,6727,7618,4123617,3827449,135469,160699
1630800000000,2021-09-05,1,392,10191,5403,5180,4129020,3837640,135861,155519
1630886400000,2021-09-06,1,612,13049,4413,9248,4133433,3850689,136473,146271
1630972800000,2021-09-07,1,683,14159,7201,7641,4140634,3864848,137156,138630
1631059200000,2021-09-08,1,626,11912,6731,5807,4147365,3876760,137782,132823
1631145600000,2021-09-09,1,334,10650,5990,4994,4153355,3887410,138116,127829
1631232000000,2021-09-10,1,315,14356,5376,9295,4158731,3901766,138431,118534
1631318400000,2021-09-11,1,270,7586,5001,2855,4163732,3909352,138701,115679
1631404800000,2021-09-12,2,188,9401,3779,5810,4167511,3918753,138889,109869
1631491200000,2021-09-13,1,276,12474,2577,10173,4170088,3931227,139165,99696
1631577600000,2021-09-14,1,250,11246,4128,7368,4174216,3942473,139415,92328
1631664000000,2021-09-15,1,267,11046,3948,7365,4178164,3953519,139682,84963
1631750400000,2021-09-16,1,237,14633,3145,11725,4181309,3968152,139919,73238
1631836800000,2021-09-17,1,219,7912,3835,4296,4185144,3976064,140138,68942
1631923200000,2021-09-18,1,185,7076,3385,3876,4188529,3983140,140323,65066
1632009600000,2021-09-19,1,145,6186,2234,4097,4190763,3989326,140468,60969
1632096000000,2021-09-20,1,166,6799,1932,5033,4192695,3996125,140634,55936
1632182400000,2021-09-21,1,171,6581,3263,3489,4195958,4002706,140805,52447
1632268800000,2021-09-22,1,149,5356,2720,2785,4198678,4008062,140954,49662
1632355200000,2021-09-23,1,160,4386,2881,1665,4201559,4012448,141114,47997
1632441600000,2021-09-24,1,144,4607,2557,2194,4204116,4017055,141258,45803
1632528000000,2021-09-25,1,123,3746,2137,1732,4206253,4020801,141381,44071
1632614400000,2021-09-26,1,86,2976,1760,1302,4208013,4023777,141467,42769
1632700800000,2021-09-27,1,118,3771,1390,2499,4209403,4027548,141585,40270
1632787200000,2021-09-28,1,124,3551,2057,1618,4211460,4031099,141709,38652
1632873600000,2021-09-29,1,117,3077,1954,1240,4213414,4034176,141826,37412
1632960000000,2021-09-30,1,113,2848,1690,1271,4215104,4037024,141939,36141
1633046400000,2021-10-01,1,87,2811,1624,1274,4216728,4039835,142026,34867
1633132800000,2021-10-02,1,89,2380,1414,1055,4218142,4042215,142115,33812
1633219200000,2021-10-03,1,58,2020,1142,936,4219284,4044235,142173,32876
1633305600000,2021-10-04,1,88,2656,922,1822,4220206,4046891,142261,31054
1633392000000,2021-10-05,1,77,2558,1404,1231,4221610,4049449,142338,29823
1633478400000,2021-10-06,1,75,2851,1484,1442,4223094,4052300,142413,28381
1633564800000,2021-10-07,1,81,1946,1393,634,4224487,4054246,142494,27747
1633651200000,2021-10-08,1,66,3514,1384,2196,4225871,4057760,142560,25551
1633737600000,2021-10-09,1,52,1507,1167,392,4227038,4059267,142612,25159
1633824000000,2021-10-10,1,39,1584,894,729,4227932,4060851,142651,24430
1633910400000,2021-10-11,1,65,2444,620,1889,4228552,4063295,142716,22541
1633996800000,2021-10-12,1,47,2130,1261,916,4229813,4065425,142763,21625
1634083200000,2021-10-13,1,48,2259,1233,1074,4231046,4067684,142811,20551
1634169600000,2021-10-14,1,37,1715,1053,699,4232099,4069399,142848,19852
1634256000000,2021-10-15,1,41,1408,915,534,4233014,4070807,142889,19318
1634342400000,2021-10-16,1,44,1525,997,572,4234011,4072332,142933,18746
1634428800000,2021-10-17,1,19,1086,747,358,4234758,4073418,142952,18388
1634515200000,2021-10-18,1,47,1593,626,1014,4235384,4075011,142999,17374
1634601600000,2021-10-19,1,50,1530,903,677,4236287,4076541,143049,16697
1634688000000,2021-10-20,1,28,1207,914,321,4237201,4077748,143077,16376
1634774400000,2021-10-21,1,43,1372,633,782,4237834,4079120,143120,15594
1634860800000,2021-10-22,1,33,1231,760,504,4238594,4080351,143153,15090
1634947200000,2021-10-23,1,23,1066,802,287,4239396,4081417,143176,14803
1635033600000,2021-10-24,1,29,1037,623,443,4240019,4082454,143205,14360
1635120000000,2021-10-25,1,30,1236,460,806,4240479,4083690,143235,13554
1635206400000,2021-10-26,1,35,1141,611,565,4241090,4084831,143270,12989
1635292800000,2021-10-27,1,29,944,719,254,4241809,4085775,143299,12735
1635379200000,2021-10-28,1,34,984,723,295,4242532,4086759,143333,12440
1635465600000,2021-10-29,1,28,681,683,26,4243215,4087440,143361,12414
1635552000000,2021-10-30,1,27,698,620,105,4243835,4088138,143388,12309
1635638400000,2021-10-31,1,17,497,523,9,4244358,4088635,143405,12318
1635724800000,2021-11-01,1,18,784,403,399,4244761,4089419,143423,11919
1635811200000,2021-11-02,1,34,868,612,290,4245373,4090287,143457,11629
1635897600000,2021-11-03,1,24,814,801,37,4246174,4091101,143481,11592
1635984000000,2021-11-04,1,19,837,628,228,4246802,4091938,143500,11364
1636070400000,2021-11-05,1,19,648,518,149,4247320,4092586,143519,11215
1636156800000,2021-11-06,1,15,622,401,236,4247721,4093208,143534,10979
1636243200000,2021-11-07,1,11,587,444,154,4248165,4093795,143545,10825
1636329600000,2021-11-08,1,12,1283,244,1051,4248409,4095078,143557,9774
1636416000000,2021-11-09,1,21,585,434,172,4248843,4095663,143578,9602
1636502400000,2021-11-10,1,14,531,480,65,4249323,4096194,143592,9537
1636588800000,2021-11-11,1,16,470,435,51,4249758,4096664,143608,9486
1636675200000,2021-11-12,1,20,560,399,181,4250157,4097224,143628,9305
1636761600000,2021-11-13,1,16,451,359,108,4250516,4097675,143644,9197
1636848000000,2021-11-14,1,15,503,339,179,4250855,4098178,143659,9018
1636934400000,2021-11-15,1,11,706,221,496,4251076,4098884,143670,8522
1637020800000,2021-11-16,1,15,515,347,183,4251423,4099399,143685,8339
1637107200000,2021-11-17,1,13,458,522,51,4251945,4099857,143698,8390
1637193600000,2021-11-18,1,11,464,400,75,4252345,4100321,143709,8315
1637280000000,2021-11-19,1,5,516,360,161,4252705,4100837,143714,8154
1637366400000,2021-11-20,1,14,379,393,0,4253098,4101216,143728,8154
1637452800000,2021-11-21,1,11,331,314,28,4253412,4101547,143739,8126
1637539200000,2021-11-22,1,5,342,186,161,4253598,4101889,143744,7965
1637625600000,2021-11-23,1,9,434,394,49,4253992,4102323,143753,7916
1637712000000,2021-11-24,1,13,377,451,61,4254443,4102700,143766,7977
1637798400000,2021-11-25,1,16,293,372,63,4254815,4102993,143782,8040
1637884800000,2021-11-26,1,14,386,453,53,4255268,4103379,143796,8093
1637971200000,2021-11-27,1,11,260,404,133,4255672,4103639,143807,8226
1638057600000,2021-11-28,1,1,275,264,12,4255936,4103914,143808,8214
1638144000000,2021-11-29,1,11,419,176,254,4256112,4104333,143819,7960
1638230400000,2021-11-30,1,11,324,297,38,4256409,4104657,143830,7922
1638316800000,2021-12-01,1,10,307,278,39,4256687,4104964,143840,7883
1638403200000,2021-12-02,1,10,388,311,87,4256998,4105352,143850,7796
1638489600000,2021-12-03,1,8,328,245,91,4257243,4105680,143858,7705
1638576000000,2021-12-04,1,5,314,246,73,4257489,4105994,143863,7632
1638662400000,2021-12-05,1,4,298,196,106,4257685,4106292,143867,7526
1638748800000,2021-12-06,1,9,2005,130,1884,4257815,4108297,143876,5642
1638835200000,2021-12-07,1,17,420,261,176,4258076,4108717,143893,5466
1638921600000,2021-12-08,1,16,351,264,103,4258340,4109068,143909,5363
1639008000000,2021-12-09,1,9,296,220,85,4258560,4109364,143918,5278
1639094400000,2021-12-10,1,5,311,192,124,4258752,4109675,143923,5154
1639180800000,2021-12-11,1,6,190,228,32,4258980,4109865,143929,5186
1639267200000,2021-12-12,1,7,184,163,28,4259143,4110049,143936,5158
1639353600000,2021-12-13,1,12,278,106,184,4259249,4110327,143948,4974
1639440000000,2021-12-14,1,12,247,190,69,4259439,4110574,143960,4905
1639526400000,2021-12-15,1,9,237,205,41,4259644,4110811,143969,4864
1639612800000,2021-12-16,1,10,234,213,31,4259857,4111045,143979,4833
1639699200000,2021-12-17,1,7,205,291,79,4260148,4111250,143986,4912
1639785600000,2021-12-18,1,12,214,232,6,4260380,4111464,143998,4918
1639872000000,2021-12-19,1,4,155,164,5,4260544,4111619,144002,4923
1639958400000,2021-12-20,1,11,216,133,94,4260677,4111835,144013,4829
1640044800000,2021-12-21,1,11,205,216,0,4260893,4112040,144024,4829
1640131200000,2021-12-22,1,10,252,179,83,4261072,4112292,144034,4746
1640217600000,2021-12-23,1,8,232,136,104,4261208,4112524,144042,4642
1640304000000,2021-12-24,1,5,182,204,17,4261412,4112706,144047,4659
1640390400000,2021-12-25,1,6,195,255,54,4261667,4112901,144053,4713
1640476800000,2021-12-26,1,2,148,92,58,4261759,4113049,144055,4655
1640563200000,2021-12-27,1,8,271,120,159,4261879,4113320,144063,4496
1640649600000,2021-12-28,1,8,152,278,118,4262157,4113472,144071,4614
1640736000000,2021-12-29,1,10,270,194,86,4262351,4113742,144081,4528
1640822400000,2021-12-30,1,7,399,189,217,4262540,4114141,144088,4311
1640908800000,2021-12-31,1,6,193,180,19,4262720,4114334,144094,4292
1640995200000,2022-01-01,1,2,165,274,107,4262994,4114499,144096,4399
1641081600000,2022-01-02,1,1,190,174,17,4263168,4114689,144097,4382
1641168000000,2022-01-03,1,5,112,265,148,4263433,4114801,144102,4530
1641254400000,2022-01-04,1,3,168,299,128,4263732,4114969,144105,4658
1641340800000,2022-01-05,1,4,180,404,220,4264136,4115149,144109,4878
1641427200000,2022-01-06,1,7,209,533,317,4264669,4115358,144116,5195
1641513600000,2022-01-07,1,5,214,518,299,4265187,4115572,144121,5494
1641600000000,2022-01-08,1,6,175,479,298,4265666,4115747,144127,5792
1641686400000,2022-01-09,1,2,211,529,316,4266195,4115958,144129,6108
1641772800000,2022-01-10,1,7,244,454,203,4266649,4116202,144136,6311
1641859200000,2022-01-11,1,8,446,802,348,4267451,4116648,144144,6659
1641945600000,2022-01-12,1,6,314,646,326,4268097,4116962,144150,6985
1642032000000,2022-01-13,1,5,385,793,403,4268890,4117347,144155,7388
1642118400000,2022-01-14,1,8,353,850,489,4269740,4117700,144163,7877
1642204800000,2022-01-15,1,4,464,1054,586,4270794,4118164,144167,8463
1642291200000,2022-01-16,1,3,710,855,142,4271649,4118874,144170,8605
1642377600000,2022-01-17,1,4,598,772,170,4272421,4119472,144174,8775
1642464000000,2022-01-18,1,9,564,1362,789,4273783,4120036,144183,9564
1642550400000,2022-01-19,1,9,504,1745,1232,4275528,4120540,144192,10796
1642636800000,2022-01-20,1,7,577,2116,1532,4277644,4121117,144199,12328
1642723200000,2022-01-21,1,2,811,2604,1791,4280248,4121928,144201,14119
1642809600000,2022-01-22,1,5,627,3205,2573,4283453,4122555,144206,16692
1642896000000,2022-01-23,1,14,712,2925,2199,4286378,4123267,144220,18891
1642982400000,2022-01-24,1,7,944,2927,1976,4289305,4124211,144227,20867
1643068800000,2022-01-25,1,20,869,4878,3989,4294183,4125080,144247,24856
1643155200000,2022-01-26,1,7,2582,7010,4421,4301193,4127662,144254,29277
1643241600000,2022-01-27,1,7,1643,8077,6427,4309270,4129305,144261,35704
1643328000000,2022-01-28,1,7,2028,9905,7870,4319175,4131333,144268,43574
1643414400000,2022-01-29,1,17,2590,11588,8981,4330763,4133923,144285,52555
1643500800000,2022-01-30,1,18,3241,12422,9163,4343185,4137164,144303,61718
1643587200000,2022-01-31,1,17,3290,10185,6878,4353370,4140454,144320,68596
1643673600000,2022-02-01,1,28,3240,16021,12753,4369391,4143694,144348,81349
1643760000000,2022-02-02,1,25,5110,17895,12760,4387286,4148804,144373,94109
1643846400000,2022-02-03,1,38,5993,27197,21166,4414483,4154797,144411,115275
1643932800000,2022-02-04,1,42,7190,32211,24979,4446694,4161987,144453,140254
1644019200000,2022-02-05,1,44,10471,33729,23214,4480423,4172458,144497,163468
1644105600000,2022-02-06,1,57,10569,36057,25431,4516480,4183027,144554,188899
1644192000000,2022-02-07,1,82,8577,26121,17462,4542601,4191604,144636,206361
1644278400000,2022-02-08,1,83,10708,37492,26701,4580093,4202312,144719,233062
1644364800000,2022-02-09,1,65,14016,46843,32762,4626936,4216328,144784,265824
1644451200000,2022-02-10,1,74,18182,40618,22362,4667554,4234510,144858,288186
1644537600000,2022-02-11,1,100,15767,40489,24622,4708043,4250277,144958,312808
1644624000000,2022-02-12,1,107,32570,55209,22532,4763252,4282847,145065,335340
1644710400000,2022-02-13,1,111,26916,44526,17499,4807778,4309763,145176,352839
1644796800000,2022-02-14,1,145,13338,36501,23018,4844279,4323101,145321,375857
1644883200000,2022-02-15,1,134,26747,57049,30168,4901328,4349848,145455,406025
1644969600000,2022-02-16,1,167,25386,64718,39165,4966046,4375234,145622,445190
1645056000000,2022-02-17,1,206,39072,63956,24678,5030002,4414306,145828,469868
1645142400000,2022-02-18,1,216,32904,59635,26515,5089637,4447210,146044,496383
1645228800000,2022-02-19,1,158,34699,59384,24527,5149021,4481909,146202,520910
1645315200000,2022-02-20,1,163,32873,48484,15448,5197505,4514782,146365,536358
1645401600000,2022-02-21,1,176,39929,34418,5687,5231923,4554711,146541,530671
1645488000000,2022-02-22,1,257,38474,57491,18760,5289414,4593185,146798,549431
1645574400000,2022-02-23,1,227,39170,61488,22091,5350902,4632355,147025,571522
1645660800000,2022-02-24,1,317,42518,57426,14591,5408328,4674873,147342,586113
1645747200000,2022-02-25,1,244,61361,49447,12158,5457775,4736234,147586,573955
1645833600000,2022-02-26,1,258,41805,46643,4580,5504418,4778039,147844,578535
1645920000000,2022-02-27,1,229,39384,34976,4637,5539394,4817423,148073,573898
1646006400000,2022-02-28,1,262,43992,25054,19200,5564448,4861415,148335,554698
1646092800000,2022-03-01,2,325,39887,24728,15484,5589176,4901302,148660,539214
1646179200000,2022-03-02,1,376,42935,40920,2391,5630096,4944237,149036,536823
1646265600000,2022-03-03,1,232,42154,37259,5127,5667355,4986391,149268,531696
1646352000000,2022-03-04,1,328,40462,26347,14443,5693702,5026853,149596,517253
1646438400000,2022-03-05,1,322,46669,30156,16835,5723858,5073522,149918,500418
1646524800000,2022-03-06,1,254,49080,24867,24467,5748725,5122602,150172,475951
1646611200000,2022-03-07,1,258,48800,21380,27678,5770105,5171402,150430,448273
1646697600000,2022-03-08,1,401,55128,30148,25381,5800253,5226530,150831,422892
1646784000000,2022-03-09,1,304,31705,26336,5673,5826589,5258235,151135,417219
1646870400000,2022-03-10,1,278,38399,21311,17366,5847900,5296634,151413,399853
1646956800000,2022-03-11,1,290,39212,16110,23392,5864010,5335846,151703,376461
1647043200000,2022-03-12,1,248,33733,14900,19081,5878910,5369579,151951,357380
1647129600000,2022-03-13,1,215,25854,11585,14484,5890495,5395433,152166,342896
1647216000000,2022-03-14,1,271,39296,9629,29938,5900124,5434729,152437,312958
1647302400000,2022-03-15,1,308,27615,14408,13515,5914532,5462344,152745,299443
1647388800000,2022-03-16,1,230,32262,13018,19474,5927550,5494606,152975,279969
1647475200000,2022-03-17,1,237,28787,11532,17492,5939082,5523393,153212,262477
1647561600000,2022-03-18,1,199,25827,9528,16498,5948610,5549220,153411,245979
1647648000000,2022-03-19,1,188,24008,7951,16245,5956561,5573228,153599,229734
1647734400000,2022-03-20,1,139,15829,5922,10046,5962483,5589057,153738,219688
1647820800000,2022-03-21,1,154,20888,4699,16343,5967182,5609945,153892,203345
1647907200000,2022-03-22,1,170,29084,7464,21790,5974646,5639029,154062,181555
1647993600000,2022-03-23,1,159,19209,6376,12992,5981022,5658238,154221,168563
1648080000000,2022-03-24,1,122,18272,5808,12586,5986830,5676510,154343,155977
1648166400000,2022-03-25,1,120,14710,4857,9973,5991687,5691220,154463,146004
1648252800000,2022-03-26,1,107,10943,4189,6861,5995876,5702163,154570,139143
1648339200000,2022-03-27,1,100,12499,3077,9522,5998953,5714662,154670,129621
1648425600000,2022-03-28,1,104,10301,2798,7607,6001751,5724963,154774,122014
1648512000000,2022-03-29,1,108,10092,3895,6305,6005646,5735055,154882,115709
1648598400000,2022-03-30,1,118,7876,3840,4154,6009486,5742931,155000,111555
1648684800000,2022-03-31,1,89,7871,3332,4628,6012818,5750802,155089,106927
1648771200000,2022-04-01,1,75,9036,2930,6181,6015748,5759838,155164,100746
1648857600000,2022-04-02,1,77,4798,2300,2575,6018048,5764636,155241,98171
1648944000000,2022-04-03,1,47,4067,1933,2181,6019981,5768703,155288,95990
1649030400000,2022-04-04,1,61,7355,1661,5755,6021642,5776058,155349,90235
1649116800000,2022-04-05,1,72,7241,2282,5031,6023924,5783299,155421,85204
1649203200000,2022-04-06,1,43,5415,2400,3058,6026324,5788714,155464,82146
1649289600000,2022-04-07,1,45,5888,2089,3844,6028413,5794602,155509,78302
1649376000000,2022-04-08,1,47,3442,1755,1734,6030168,5798044,155556,76568
1649462400000,2022-04-09,1,41,3865,1468,2438,6031636,5801909,155597,74130
1649548800000,2022-04-10,1,29,2493,1071,1451,6032707,5804402,155626,72679
1649635200000,2022-04-11,1,48,3978,1196,2830,6033903,5808380,155674,69849
1649721600000,2022-04-12,1,43,3286,1455,1874,6035358,5811666,155717,67975
1649808000000,2022-04-13,1,29,3022,1551,1500,6036909,5814688,155746,66475
1649894400000,2022-04-14,1,48,3216,833,2431,6037742,5817904,155794,64044
1649980800000,2022-04-15,1,26,2275,922,1379,6038664,5820179,155820,62665
1650067200000,2022-04-16,1,24,2768,602,2190,6039266,5822947,155844,60475
1650153600000,2022-04-17,1,22,2782,607,2197,6039873,5825729,155866,58278
1650240000000,2022-04-18,1,37,7831,559,7309,6040432,5833560,155903,50969
1650326400000,2022-04-19,1,34,2750,837,1947,6041269,5836310,155937,49022
1650412800000,2022-04-20,1,37,4635,741,3931,6042010,5840945,155974,45091
1650499200000,2022-04-21,1,41,14416,585,13872,6042595,5855361,156015,31219
1650585600000,2022-04-22,1,25,10808,651,10182,6043246,5866169,156040,21037
1650672000000,2022-04-23,1,27,2082,522,1587,6043768,5868251,156067,19450
1650758400000,2022-04-24,1,33,2168,382,1819,6044150,5870419,156100,17631
1650844800000,2022-04-25,1,33,4664,317,4380,6044467,5875083,156133,13251
1650931200000,2022-04-26,1,30,4058,576,3512,6045043,5879141,156163,9739
1651017600000,2022-04-27,1,36,1178,617,597,6045660,5880319,156199,9142
1651104000000,2022-04-28,1,18,1171,412,777,6046072,5881490,156217,8365
1651190400000,2022-04-29,1,23,572,395,200,6046467,5882062,156240,8165
1651276800000,2022-04-30,1,17,598,329,286,6046796,5882660,156257,7879
1651363200000,2022-05-01,1,16,633,244,405,6047040,5883293,156273,7474
1651449600000,2022-05-02,1,14,371,168,217,6047208,5883664,156287,7257
1651536000000,2022-05-03,1,18,395,107,306,6047315,5884059,156305,6951
1651622400000,2022-05-04,1,16,266,176,106,6047491,5884325,156321,6845
1651708800000,2022-05-05,1,19,445,250,214,6047741,5884770,156340,6631
1651795200000,2022-05-06,1,17,329,245,101,6047986,5885099,156357,6530
1651881600000,2022-05-07,1,14,307,218,103,6048204,5885406,156371,6427
1651968000000,2022-05-08,1,10,452,227,235,6048431,5885858,156381,6192
1652054400000,2022-05-09,1,15,353,254,114,6048685,5886211,156396,6078
1652140800000,2022-05-10,1,20,659,456,223,6049141,5886870,156416,5855
1652227200000,2022-05-11,1,8,916,400,524,6049541,5887786,156424,5331
1652313600000,2022-05-12,1,14,785,335,464,6049876,5888571,156438,4867
1652400000000,2022-05-13,1,10,254,335,71,6050211,5888825,156448,4938
1652486400000,2022-05-14,1,5,416,308,113,6050519,5889241,156453,4825
1652572800000,2022-05-15,1,5,293,257,41,6050776,5889534,156458,4784
1652659200000,2022-05-16,1,6,263,182,87,6050958,5889797,156464,4697
1652745600000,2022-05-17,1,17,1029,247,799,6051205,5890826,156481,3898
1652832000000,2022-05-18,1,17,364,327,54,6051532,5891190,156498,3844
1652918400000,2022-05-19,1,12,384,318,78,6051850,5891574,156510,3766
1653004800000,2022-05-20,1,3,298,250,51,6052100,5891872,156513,3715
1653091200000,2022-05-21,1,6,254,263,3,6052363,5892126,156519,3718
1653177600000,2022-05-22,1,3,285,227,61,6052590,5892411,156522,3657
1653264000000,2022-05-23,1,12,929,174,767,6052764,5893340,156534,2890
1653350400000,2022-05-24,1,14,288,345,43,6053109,5893628,156548,2933
1653436800000,2022-05-25,1,5,232,315,78,6053424,5893860,156553,3011
1653523200000,2022-05-26,1,3,243,246,0,6053670,5894103,156556,3011
1653609600000,2022-05-27,1,9,277,224,62,6053894,5894380,156565,2949
1653696000000,2022-05-28,1,8,248,279,23,6054173,5894628,156573,2972
1653782400000,2022-05-29,1,1,261,242,20,6054415,5894889,156574,2952
1653868800000,2022-05-30,1,12,287,218,81,6054633,5895176,156586,2871
1653955200000,2022-05-31,1,5,247,340,88,6054973,5895423,156591,2959
1654041600000,2022-06-01,1,3,183,368,182,6055341,5895606,156594,3141
1654128000000,2022-06-02,1,6,334,304,36,6055645,5895940,156600,3105
1654214400000,2022-06-03,1,4,350,372,18,6056017,5896290,156604,3123
1654300800000,2022-06-04,1,6,258,395,131,6056412,5896548,156610,3254
1654387200000,2022-06-05,1,5,204,388,179,6056800,5896752,156615,3433
1654473600000,2022-06-06,1,7,270,342,65,6057142,5897022,156622,3498
1654560000000,2022-06-07,1,2,350,518,166,6057660,5897372,156624,3664
1654646400000,2022-06-08,1,4,258,520,258,6058180,5897630,156628,3922
1654732800000,2022-06-09,1,7,410,556,139,6058736,5898040,156635,4061
1654819200000,2022-06-10,1,3,344,627,280,6059363,5898384,156638,4341
1654905600000,2022-06-11,1,3,374,574,197,6059937,5898758,156641,4538
1654992000000,2022-06-12,1,2,353,551,196,6060488,5899111,156643,4734
1655078400000,2022-06-13,1,9,390,591,192,6061079,5899501,156652,4926
1655164800000,2022-06-14,1,10,548,930,372,6062009,5900049,156662,5298
1655251200000,2022-06-15,1,8,525,1242,709,6063251,5900574,156670,6007
1655337600000,2022-06-16,1,3,509,1173,661,6064424,5901083,156673,6668
1655424000000,2022-06-17,1,6,556,1220,658,6065644,5901639,156679,7326
1655510400000,2022-06-18,1,5,523,1264,736,6066908,5902162,156684,8062
1655596800000,2022-06-19,1,3,632,1167,532,6068075,5902794,156687,8594
1655683200000,2022-06-20,1,8,667,1180,505,6069255,5903461,156695,9099
1655769600000,2022-06-21,1,5,677,1678,996,6070933,5904138,156700,10095
1655856000000,2022-06-22,1,2,687,1985,1296,6072918,5904825,156702,11391
1655942400000,2022-06-23,1,4,1146,1907,757,6074825,5905971,156706,12148
1656028800000,2022-06-24,1,5,998,2069,1066,6076894,5906969,156711,13214
1656115200000,2022-06-25,1,3,1074,1831,754,6078725,5908043,156714,13968
1656201600000,2022-06-26,1,3,1175,1726,548,6080451,5909218,156717,14516
1656288000000,2022-06-27,1,9,1637,1445,201,6081896,5910855,156726,14315
1656374400000,2022-06-28,1,2,1170,2167,995,6084063,5912025,156728,15310
1656460800000,2022-06-29,1,3,1282,2149,864,6086212,5913307,156731,16174
1656547200000,2022-06-30,1,6,1626,2248,616,6088460,5914933,156737,16790
1656633600000,2022-07-01,1,3,1921,2049,125,6090509,5916854,156740,16915
1656720000000,2022-07-02,1,5,1789,1794,0,6092303,5918643,156745,16915
1656806400000,2022-07-03,1,4,1606,1614,4,6093917,5920249,156749,16919
1656892800000,2022-07-04,1,9,1868,1434,443,6095351,5922117,156758,16476
1656979200000,2022-07-05,1,8,1691,2577,878,6097928,5923808,156766,17354
1657065600000,2022-07-06,1,4,2045,2743,694,6100671,5925853,156770,18048
1657152000000,2022-07-07,1,6,1877,2881,998,6103552,5927730,156776,19046
1657238400000,2022-07-08,1,5,2386,2472,81,6106024,5930116,156781,19127
1657324800000,2022-07-09,1,4,1973,2705,728,6108729,5932089,156785,19855
1657411200000,2022-07-10,1,6,1890,2576,680,6111305,5933979,156791,20535
1657497600000,2022-07-11,1,7,1866,1681,192,6112986,5935845,156798,20343
1657584000000,2022-07-12,1,8,1780,3361,1573,6116347,5937625,156806,21916
1657670400000,2022-07-13,1,12,1939,3822,1871,6120169,5939564,156818,23787
1657756800000,2022-07-14,1,9,2872,3584,703,6123753,5942436,156827,24490
1657843200000,2022-07-15,1,6,2842,3331,483,6127084,5945278,156833,24973
1657929600000,2022-07-16,1,6,2702,4329,1621,6131413,5947980,156839,26594
1658016000000,2022-07-17,1,10,2574,3540,956,6134953,5950554,156849,27550
1658102400000,2022-07-18,1,10,2427,3393,956,6138346,5952981,156859,28506
1658188800000,2022-07-19,1,6,2596,5085,2483,6143431,5955577,156865,30989
1658275200000,2022-07-20,1,10,2331,5653,3312,6149084,5957908,156875,34301
1658361600000,2022-07-21,1,5,2925,5410,2480,6154494,5960833,156880,36781
1658448000000,2022-07-22,1,13,3363,4834,1458,6159328,5964196,156893,38239
1658534400000,2022-07-23,1,9,4108,4943,826,6164271,5968304,156902,39065
1658620800000,2022-07-24,1,0,2684,4071,1387,6168342,5970988,156902,40452
1658707200000,2022-07-25,1,14,4023,4048,11,6172390,5975011,156916,40463
1658793600000,2022-07-26,1,13,3511,6483,2959,6178873,5978522,156929,43422
1658880000000,2022-07-27,1,11,3825,6438,2602,6185311,5982347,156940,46024
1658966400000,2022-07-28,1,17,5705,6353,631,6191664,5988052,156957,46655
1659052800000,2022-07-29,1,13,4485,5831,1333,6197495,5992537,156970,47988
1659139200000,2022-07-30,1,13,4268,5398,1117,6202893,5996805,156983,49105
1659225600000,2022-07-31,1,10,4597,4205,402,6207098,6001402,156993,48703
1659312000000,2022-08-01,1,11,4579,3696,894,6210794,6005981,157004,47809
1659398400000,2022-08-02,1,24,4564,5827,1239,6216621,6010545,157028,49048
1659484800000,2022-08-03,2,18,4340,6167,1809,6222788,6014885,157046,50857
1659571200000,2022-08-04,1,14,6664,6527,151,6229315,6021549,157060,50706
1659657600000,2022-08-05,1,12,6323,5929,406,6235244,6027872,157072,50300
1659744000000,2022-08-06,1,10,4850,5455,595,6240699,6032722,157082,50895
1659830400000,2022-08-07,1,13,5016,4279,750,6244978,6037738,157095,50145
1659916800000,2022-08-08,1,18,4919,4425,512,6249403,6042657,157113,49633
1660003200000,2022-08-09,1,18,4850,6276,1408,6255679,6047507,157131,51041
1660089600000,2022-08-10,1,18,4906,5926,1002,6261605,6052413,157149,52043
1660176000000,2022-08-11,1,22,4824,5532,686,6267137,6057237,157171,52729
1660262400000,2022-08-12,1,18,5226,6091,847,6273228,6062463,157189,53576
1660348800000,2022-08-13,1,19,5055,5104,30,6278332,6067518,157208,53606
1660435200000,2022-08-14,1,18,4903,4442,479,6282774,6072421,157226,53127
1660521600000,2022-08-15,1,26,4508,3588,946,6286362,6076929,157252,52181
1660608000000,2022-08-16,1,25,5803,5869,41,6292231,6082732,157277,52222
1660694400000,2022-08-17,1,19,4324,5253,910,6297484,6087056,157296,53132
1660780800000,2022-08-18,1,21,5250,4039,1232,6301523,6092306,157317,51900
1660867200000,2022-08-19,1,26,5028,5163,109,6306686,6097334,157343,52009
1660953600000,2022-08-20,1,22,4302,4922,598,6311608,6101636,157365,52607
1661040000000,2022-08-21,1,12,6044,3949,2107,6315557,6107680,157377,50500
1661126400000,2022-08-22,1,19,4978,3300,1697,6318857,6112658,157396,48803
1661212800000,2022-08-23,1,24,5134,4858,300,6323715,6117792,157420,48503
1661299200000,2022-08-24,1,18,5550,5428,140,6329143,6123342,157438,48363
1661385600000,2022-08-25,1,19,5780,5214,585,6334357,6129122,157457,47778
1661472000000,2022-08-26,1,21,5758,4549,1230,6338906,6134880,157478,46548
1661558400000,2022-08-27,1,15,2514,4170,1641,6343076,6137394,157493,48189
1661644800000,2022-08-28,1,7,5044,3228,1823,6346304,6142438,157500,46366
1661731200000,2022-08-29,1,21,4702,2871,1852,6349175,6147140,157521,44514
1661817600000,2022-08-30,1,20,4510,5070,540,6354245,6151650,157541,45054
1661904000000,2022-08-31,1,25,4384,4563,154,6358808,6156034,157566,45208
1661990400000,2022-09-01,1,25,4843,4094,774,6362902,6160877,157591,44434
1662076800000,2022-09-02,1,17,4451,3616,852,6366518,6165328,157608,43582
1662163200000,2022-09-03,1,23,4002,3260,765,6369778,6169330,157631,42817
1662249600000,2022-09-04,1,16,3751,2764,1003,6372542,6173081,157647,41814
1662336000000,2022-09-05,1,21,4444,2340,2125,6374882,6177525,157668,39689
1662422400000,2022-09-06,1,28,5136,3607,1557,6378489,6182661,157696,38132
1662508800000,2022-09-07,1,21,3505,3513,13,6382002,6186166,157717,38119
1662595200000,2022-09-08,1,12,3441,3138,315,6385140,6189607,157729,37804
1662681600000,2022-09-09,1,12,5346,2804,2554,6387944,6194953,157741,35250
1662768000000,2022-09-10,1,16,3098,2609,505,6390553,6198051,157757,34745
1662854400000,2022-09-11,1,13,2725,1939,799,6392492,6200776,157770,33946
1662940800000,2022-09-12,1,17,3465,1848,1634,6394340,6204241,157787,32312
1663027200000,2022-09-13,1,20,3617,2896,741,6397236,6207858,157807,31571
1663113600000,2022-09-14,1,21,3938,2799,1160,6400035,6211796,157828,30411
1663200000000,2022-09-15,1,21,3915,2651,1285,6402686,6215711,157849,29126
1663286400000,2022-09-16,1,27,2997,2358,666,6405044,6218708,157876,28460
1663372800000,2022-09-17,1,8,2681,2079,610,6407123,6221389,157884,27850
1663459200000,2022-09-18,1,8,1667,1683,8,6408806,6223056,157892,27858
1663545600000,2022-09-19,1,23,3390,1620,1793,6410426,6226446,157915,26065
1663632000000,2022-09-20,1,15,2533,2518,30,6412944,6228979,157930,26035
1663718400000,2022-09-21,1,18,2991,2384,625,6415328,6231970,157948,25410
1663804800000,2022-09-22,1,18,4051,2162,1907,6417490,6236021,157966,23503
1663891200000,2022-09-23,1,20,3077,1904,1193,6419394,6239098,157986,22310
1663977600000,2022-09-24,1,12,2040,1724,328,6421118,6241138,157998,21982
1664064000000,2022-09-25,1,16,2569,1411,1174,6422529,6243707,158014,20808
1664150400000,2022-09-26,1,22,2842,1344,1520,6423873,6246549,158036,19288
1664236800000,2022-09-27,1,21,2070,1976,115,6425849,6248619,158057,19173
1664323200000,2022-09-28,1,19,1884,1915,12,6427764,6250503,158076,19185
1664409600000,2022-09-29,1,17,2814,2003,828,6429767,6253317,158093,18357
1664496000000,2022-09-30,1,19,2601,1857,763,6431624,6255918,158112,17594
1664582400000,2022-10-01,1,10,1526,1639,103,6433263,6257444,158122,17697
1664668800000,2022-10-02,1,10,1575,1322,263,6434585,6259019,158132,17434
1664755200000,2022-10-03,1,11,2263,1134,1140,6435719,6261282,158143,16294
1664841600000,2022-10-04,1,13,1538,1851,300,6437570,6262820,158156,16594
1664928000000,2022-10-05,1,9,1364,1722,349,6439292,6264184,158165,16943
1665014400000,2022-10-06,1,12,1715,1831,104,6441123,6265899,158177,17047
1665100800000,2022-10-07,1,15,1822,1501,336,6442624,6267721,158192,16711
1665187200000,2022-10-08,1,6,1541,1325,222,6443949,6269262,158198,16489
1665273600000,2022-10-09,1,7,1273,999,281,6444948,6270535,158205,16208
1665360000000,2022-10-10,1,14,1518,1195,337,6446143,6272053,158219,15871
1665446400000,2022-10-11,1,16,1540,2077,521,6448220,6273593,158235,16392
1665532800000,2022-10-12,1,14,1283,2028,731,6450248,6274876,158249,17123
1665619200000,2022-10-13,1,14,1713,1830,103,6452078,6276589,158263,17226
1665705600000,2022-10-14,1,18,1524,1786,244,6453864,6278113,158281,17470
1665792000000,2022-10-15,1,20,1867,1678,209,6455542,6279980,158301,17261
1665878400000,2022-10-16,1,12,1362,1326,48,6456868,6281342,158313,17213
1665964800000,2022-10-17,1,14,1609,1233,390,6458101,6282951,158327,16823
1666051200000,2022-10-18,1,18,1431,2164,715,6460265,6284382,158345,17538
1666137600000,2022-10-19,1,16,1408,2390,966,6462655,6285790,158361,18504
1666224000000,2022-10-20,1,19,1873,2307,415,6464962,6287663,158380,18919
1666310400000,2022-10-21,1,18,1970,2227,239,6467189,6289633,158398,19158
1666396800000,2022-10-22,1,18,2308,2087,239,6469276,6291941,158416,18919
1666483200000,2022-10-23,1,13,1206,1685,466,6470961,6293147,158429,19385
1666569600000,2022-10-24,1,25,2378,1703,700,6472664,6295525,158454,18685
1666656000000,2022-10-25,1,21,1757,3008,1230,6475672,6297282,158475,19915
1666742400000,2022-10-26,1,24,1458,3048,1566,6478720,6298740,158499,21481
1666828800000,2022-10-27,1,23,2954,3029,52,6481749,6301694,158522,21533
1666915200000,2022-10-28,1,22,1783,3015,1210,6484764,6303477,158544,22743
1667001600000,2022-10-29,1,27,2109,3141,1005,6487905,6305586,158571,23748
1667088000000,2022-10-30,1,26,1895,2717,796,6490622,6307481,158597,24544
1667174400000,2022-10-31,1,34,2309,2457,114,6493079,6309790,158631,24658
1667260800000,2022-11-01,1,32,2071,4707,2604,6497786,6311861,158663,27262
1667347200000,2022-11-02,1,32,2050,4873,2791,6502659,6313911,158695,30053
1667433600000,2022-11-03,1,42,2882,4951,2027,6507610,6316793,158737,32080
1667520000000,2022-11-04,1,31,3197,5303,2075,6512913,6319990,158768,34155
1667606400000,2022-11-05,1,39,2930,4717,1748,6517630,6322920,158807,35903
1667692800000,2022-11-06,1,22,2495,3662,1145,6521292,6325415,158829,37048
1667779200000,2022-11-07,1,42,3348,3828,438,6525120,6328763,158871,37486
1667865600000,2022-11-08,1,38,3197,6601,3366,6531721,6331960,158909,40852
1667952000000,2022-11-09,1,43,3198,6186,2945,6537907,6335158,158952,43797
1668038400000,2022-11-10,1,37,4223,6294,2034,6544201,6339381,158989,45831
1668124800000,2022-11-11,1,46,4139,6247,2062,6550448,6343520,159035,47893
1668211200000,2022-11-12,1,33,4739,6179,1407,6556627,6348259,159068,49300
1668297600000,2022-11-13,1,36,4347,4877,494,6561504,6352606,159104,49794
1668384000000,2022-11-14,1,54,4188,4408,166,6565912,6356794,159158,49960
1668470400000,2022-11-15,1,41,4038,7893,3814,6573805,6360832,159199,53774
1668556800000,2022-11-16,1,54,4255,8486,4177,6582291,6365087,159253,57951
1668643200000,2022-11-17,1,38,5264,7822,2520,6590113,6370351,159291,60471
1668729600000,2022-11-18,1,32,5854,6699,813,6596812,6376205,159323,61284
1668816000000,2022-11-19,1,25,4914,6383,1444,6603195,6381119,159348,62728
1668902400000,2022-11-20,1,31,5690,5172,549,6608367,6386809,159379,62179
1668988800000,2022-11-21,1,43,6855,4306,2592,6612673,6393664,159422,59587
1669075200000,2022-11-22,1,51,4984,7644,2609,6620317,6398648,159473,62196
1669161600000,2022-11-23,1,51,4903,7221,2267,6627538,6403551,159524,64463
1669248000000,2022-11-24,1,41,7669,7110,600,6634648,6411220,159565,63863
1669334400000,2022-11-25,1,35,6752,5976,811,6640624,6417972,159600,63052
1669420800000,2022-11-26,1,41,6360,5469,932,6646093,6424332,159641,62120
1669507200000,2022-11-27,1,35,5655,4151,1539,6650244,6429987,159676,60581
1669593600000,2022-11-28,1,59,5864,3225,2698,6653469,6435851,159735,57883
1669680000000,2022-11-29,1,54,5476,5766,236,6659235,6441327,159789,58119
